x <- 2

y <- 3

z = x + y

<<<<<<< HEAD
new_variable = z - x
=======
a = x*y
>>>>>>> f0d1db450c99ff85a773c98eca193f6b321296eb
