x <- 2

y <- 3

z = x + y

# 2020-Feb-01